# Created by Octave 5.2.0, Wed Feb 10 10:28:46 2021 GMT <unknown@Oliver-PC>
# name: tolFun
# type: scalar
1e-10


# name: maxIter
# type: scalar
50


# name: paramn
# type: matrix
# rows: 18
# columns: 1
 0
 4
 0.5
 3.5
 0.40000000000000002
 0.25
 0
 1
 4
 0.20000000000000001
 0.10000000000000001
 1.4119999999999999
 0
 0
 800
 1800
 0
 0


# name: paramFinish
# type: matrix
# rows: 18
# columns: 1
 0
 8.0001328635129578
 3.0001528471094079
 3.4994166501186017
 0.60397148161581959
 0.29991738221713576
 0
 0.87005269648840355
 4
 0.29996749888501495
 0.14999001275015358
 1.4118274271949613
 0
 0
 780.15239787788096
 1499.9872998141193
 0
 0


# name: param1
# type: matrix
# rows: 6
# columns: 1
 3.7532834144326723
 0.80298381959532328
 3.9627216990651535
 0.57091810579040481
 1
 0.79595592778089652


# name: convergence1
# type: string
# elements: 1
# length: 40
Change in calculated function too small.


# name: outp1
# type: scalar struct
# ndims: 2
 1 1
# length: 3
# name: user_interaction
# type: scalar struct
# ndims: 2
 1 1
# length: 2
# name: stop
# type: bool
0


# name: info
# type: cell
# rows: 1
# columns: 1
# name: <cell-element>
# type: string
# elements: 0







# name: niter
# type: scalar
8


# name: lambda
# type: scalar struct
# ndims: 2
 1 1
# length: 6
# name: lower
# type: matrix
# rows: 6
# columns: 1
 0
 0
 0
 0
 0
 0


# name: upper
# type: matrix
# rows: 6
# columns: 1
 0
 0
 0
 0
 835.64398540730599
 0


# name: eqlin
# type: matrix
# rows: 0
# columns: 1


# name: ineqlin
# type: matrix
# rows: 0
# columns: 1


# name: eqnonlin
# type: matrix
# rows: 0
# columns: 1


# name: ineqnonlin
# type: matrix
# rows: 0
# columns: 1






# name: result1
# type: scalar struct
# ndims: 2
 1 1
# length: 2
# name: covp
# type: matrix
# rows: 6
# columns: 6
 59.869121784406616 7.2986419622988219 3.1742098333274686 3.7728165914007707 6.1304186402125715 0.22509168739903185
 7.2986419622987446 1.2515847910801525 0.15116680918431472 0.16667496784981672 0.31223231879643842 -8.286286172903834e-05
 3.1742098333274993 0.15116680918432385 0.45999848797806742 0.47649399911112905 0.93790691518017189 0.054146285685875595
 3.7728165914008067 0.16667496784982794 0.47649399911112811 0.53078038332941646 0.94191555555506912 0.052079385654189958
 6.1304186402126284 0.31223231879645552 0.93790691518017277 0.94191555555507189 1.9399959423971043 0.11391671047928081
 0.22509168739903573 -8.2862861728136283e-05 0.054146285685875678 0.05207938565419018 0.11391671047928086 0.0075873295478363998


# name: corp
# type: matrix
# rows: 6
# columns: 6
 1 0.84316093615927112 0.60486156227082699 0.66927841328592652 0.56883757785220557 0.33397467760437044
 0.84316093615926213 0.99999999999999978 0.19922695880249122 0.20449505454548492 0.20037673925857127 -0.00085032572014245996
 0.60486156227083288 0.19922695880250324 1.0000000000000002 0.96432139330682454 0.99284425021651923 0.91652854288229768
 0.66927841328593296 0.20449505454549866 0.96432139330682265 1 0.928226849695162 0.82066128673952543
 0.56883757785221079 0.20037673925858226 0.99284425021652023 0.92822684969516478 1 0.93895018307494238
 0.33397467760437621 -0.00085032572013320315 0.91652854288229912 0.82066128673952898 0.93895018307494271 1




# name: stdabw1
# type: matrix
# rows: 6
# columns: 1
 7.7375139278974236
 1.118742504368254
 0.67823188363425335
 0.7285467612510651
 1.3928373711230986
 0.087105278530272778


# name: mat1
# type: matrix
# rows: 6
# columns: 4
 3.7532834144326723 7.7375139278974236 15.475027855794847 23.21254178369227
 0.80298381959532328 1.118742504368254 2.2374850087365079 3.3562275131047619
 3.9627216990651535 0.67823188363425335 1.3564637672685067 2.0346956509027603
 0.57091810579040481 0.7285467612510651 1.4570935225021302 2.1856402837531954
 1 1.3928373711230986 2.7856747422461972 4.1785121133692957
 0.79595592778089652 0.087105278530272778 0.17421055706054556 0.26131583559081834


# name: param2
# type: matrix
# rows: 3
# columns: 1
 4
 0.20472779408047431
 0.22633366523100859


# name: convergence2
# type: string
# elements: 1
# length: 40
Change in calculated function too small.


# name: outp2
# type: scalar struct
# ndims: 2
 1 1
# length: 3
# name: user_interaction
# type: scalar struct
# ndims: 2
 1 1
# length: 2
# name: stop
# type: bool
0


# name: info
# type: cell
# rows: 1
# columns: 1
# name: <cell-element>
# type: string
# elements: 0







# name: niter
# type: scalar
5


# name: lambda
# type: scalar struct
# ndims: 2
 1 1
# length: 6
# name: lower
# type: matrix
# rows: 3
# columns: 1
 0
 0
 0


# name: upper
# type: matrix
# rows: 3
# columns: 1
 0
 0
 0


# name: eqlin
# type: matrix
# rows: 0
# columns: 1


# name: ineqlin
# type: matrix
# rows: 0
# columns: 1


# name: eqnonlin
# type: matrix
# rows: 0
# columns: 1


# name: ineqnonlin
# type: matrix
# rows: 0
# columns: 1






# name: result2
# type: scalar struct
# ndims: 2
 1 1
# length: 2
# name: covp
# type: matrix
# rows: 3
# columns: 3
 0.00020117697081147257 0.0021637767674391071 -0.00084500908199555073
 0.0021637767674391063 0.042429558068632779 -0.010701537985329645
 -0.00084500908199555062 -0.010701537985329648 0.0038309713707454437


# name: corp
# type: matrix
# rows: 3
# columns: 3
 0.99999999999999989 0.74060913922902494 -0.96253779425586383
 0.7406091392290246 1 -0.83937782169793407
 -0.96253779425586361 -0.8393778216979344 0.99999999999999989




# name: stdabw2
# type: matrix
# rows: 3
# columns: 1
 0.014183686784876229
 0.20598436365081885
 0.061894841228857224


# name: mat2
# type: matrix
# rows: 3
# columns: 4
 4 0.014183686784876229 0.028367373569752458 0.042551060354628689
 0.20472779408047431 0.20598436365081885 0.41196872730163769 0.61795309095245654
 0.22633366523100859 0.061894841228857224 0.12378968245771445 0.18568452368657168


# name: param3
# type: matrix
# rows: 6
# columns: 1
 0
 0
 561.05209560611206
 1603.2060835239856
 0
 0


# name: convergence3
# type: string
# elements: 1
# length: 40
Change in calculated function too small.


# name: outp3
# type: scalar struct
# ndims: 2
 1 1
# length: 3
# name: user_interaction
# type: scalar struct
# ndims: 2
 1 1
# length: 2
# name: stop
# type: bool
0


# name: info
# type: cell
# rows: 1
# columns: 1
# name: <cell-element>
# type: string
# elements: 0







# name: niter
# type: scalar
1


# name: lambda
# type: scalar struct
# ndims: 2
 1 1
# length: 6
# name: lower
# type: matrix
# rows: 6
# columns: 1
 0
 0
 0
 0
 0
 0


# name: upper
# type: matrix
# rows: 6
# columns: 1
 0
 0
 0
 0
 0
 0


# name: eqlin
# type: matrix
# rows: 0
# columns: 1


# name: ineqlin
# type: matrix
# rows: 0
# columns: 1


# name: eqnonlin
# type: matrix
# rows: 0
# columns: 1


# name: ineqnonlin
# type: matrix
# rows: 0
# columns: 1






# name: result3
# type: scalar struct
# ndims: 2
 1 1
# length: 1
# name: covp
# type: diagonal matrix
# rows: 6
# columns: 6
100
100
100
100
100
100




# name: stdabw3
# type: matrix
# rows: 1
# columns: 6
 10 10 10 10 10 10


# name: mat3
# type: matrix
# rows: 6
# columns: 4
 0 10 20 30
 0 10 20 30
 561.05209560611206 10 20 30
 1603.2060835239856 10 20 30
 0 10 20 30
 0 10 20 30


# name: param4
# type: scalar
1.3861478455666636


# name: convergence4
# type: string
# elements: 1
# length: 40
Change in calculated function too small.


# name: outp4
# type: scalar struct
# ndims: 2
 1 1
# length: 3
# name: user_interaction
# type: scalar struct
# ndims: 2
 1 1
# length: 2
# name: stop
# type: bool
0


# name: info
# type: cell
# rows: 1
# columns: 1
# name: <cell-element>
# type: string
# elements: 0







# name: niter
# type: scalar
5


# name: lambda
# type: scalar struct
# ndims: 2
 1 1
# length: 6
# name: lower
# type: scalar
0


# name: upper
# type: scalar
0


# name: eqlin
# type: matrix
# rows: 1
# columns: 0



# name: ineqlin
# type: matrix
# rows: 1
# columns: 0



# name: eqnonlin
# type: matrix
# rows: 1
# columns: 0



# name: ineqnonlin
# type: matrix
# rows: 1
# columns: 0







