cno    =0
mu     =3.7533
beta   =0.80298
a3     =3.9627
da3    =0.57093
sig3   =1
eta    =0.79596
nu     =4
alpha  =0.19746
sig1   =0.22683
lcc    =1.3863
q      =0
dan    =0
k      =662.1048
const1 =1891.9242
const2 =-0.071918
g      =0