cno    =0
mu     =3.7533
beta   =0.80298
a3     =3.9627
da3    =0.57093
sig3   =1
eta    =0.79596
nu     =4
alpha  =0.2
sig1   =0.1
lcc    =1.412
q      =0
dan    =0
k      =662.191
const1 =1892.1703
const2 =-0.071974
g      =0