cno    =0
mu     =8.001
beta   =3.0003
a3     =3.4994
da3    =0.60419
sig3   =0.30001
eta    =0.87006
nu     =4
alpha  =0.29997
sig1   =0.14999
lcc    =1.4118
q      =0
dan    =0
k      =922.8179
const1 =1774.3054
const2 =-0.072941
g      =0