cno		=0
mu		 =8.0006
beta	 =3.0004
a3		 =3.4994
da3		=0.60404
sig3	 =0.29989
eta		=0.87005
nu		 =4
alpha	=0.29997
sig1	 =0.14999
lcc		=1.4118
q			=0
dan		=0
k			=922.7752
const1 =1774.2063
const2 =-0.072917
g			=0