cno		=0
mu		 =10
beta	 =1.09
a3		 =3.5314
da3		=0.49126
sig3	 =0.45771
eta		=0.93485
nu		 =4
alpha	=0.25051
sig1	 =0.062035
lcc		=1.4103
q			=0
dan		=0
k			=235.8965
const1 =5514.6272
const2 =-0.60866
g			=0