cno    =0
mu     =10
beta   =1.2984
a3     =3.718
da3    =0.34143
sig3   =1
eta    =0.96595
nu     =4
alpha  =0.18
sig1   =0.08
lcc    =1.412
q      =0
dan    =0
k      =207.8283
const1 =5810.15
const2 =-0.61002
g      =0