cno		=0
mu		 =8.0001
beta	 =3.0002
a3		 =3.4994
da3		=0.60397
sig3	 =0.29992
eta		=0.87005
nu		 =4
alpha	=0.29997
sig1	 =0.14999
lcc		=1.4118
q			=0
dan		=0
k			=780.1524
const1 =1499.9873
const2 =0
g			=0