cno    =0
mu     =8.0008
beta   =3.0004
a3     =3.4994
da3    =0.60384
sig3   =0.29991
eta    =0.87005
nu     =4
alpha  =0.29997
sig1   =0.14999
lcc    =1.4118
q      =0
dan    =0
k      =922.8276
const1 =1774.3063
const2 =-0.072941
g      =0