cno    =0
mu     =3.7533
beta   =0.80298
a3     =3.9627
da3    =0.57092
sig3   =1
eta    =0.79596
nu     =4
alpha  =0.20473
sig1   =0.22633
lcc    =1.3861
q      =0
dan    =0
k      =561.0521
const1 =1603.2061
const2 =0
g      =0